step,epoch,n_refreshed,mean,std,min,max,q00,q10,q20,q30,q40,q50,q60,q70,q80,q90,q100
0,0,,0.014654010534286499,0.0901617482304573,9.99999993922529e-09,1.0,9.99999993922529e-09,9.99999993922529e-09,9.99999993922529e-09,9.99999993922529e-09,9.99999993922529e-09,9.99999993922529e-09,9.99999993922529e-09,9.99999993922529e-09,9.99999993922529e-09,9.99999993922529e-09,1.0
0,40,25000,0.1344686597585678,0.2273760885000229,9.99999993922529e-09,1.0,9.99999993922529e-09,9.99999993922529e-09,0.005041314288973808,0.010336391627788544,0.019813964143395424,0.0374736413359642,0.06933818012475967,0.12011166661977768,0.19937452673912048,0.3539418876171112,1.0
0,80,25000,0.1359667032957077,0.23314188420772552,9.99999993922529e-09,1.0,9.99999993922529e-09,9.99999993922529e-09,0.005039124749600887,0.010391168296337128,0.01996610127389431,0.03755892440676689,0.06892570108175278,0.11991918832063675,0.19956061244010925,0.3503912389278412,1.0
0,120,25000,0.13671724498271942,0.2352391928434372,9.99999993922529e-09,1.0,9.99999993922529e-09,9.99999993922529e-09,0.004985291510820389,0.010270717553794384,0.019765734672546387,0.03758004307746887,0.06907470524311066,0.11997777968645096,0.19957295060157776,0.3531653881072998,1.0
0,160,25000,0.1368115395307541,0.23559008538722992,9.99999993922529e-09,1.0,9.99999993922529e-09,9.99999993922529e-09,0.005009048618376255,0.010287310928106308,0.0198140237480402,0.03752841055393219,0.06934724003076553,0.12032165378332138,0.19979193806648254,0.35047152638435364,1.0
0,200,25000,0.1368594467639923,0.2359488606452942,9.99999993922529e-09,1.0,9.99999993922529e-09,9.99999993922529e-09,0.00503168860450387,0.010354587808251381,0.01993877813220024,0.03763461858034134,0.06868371367454529,0.12001305818557739,0.19901949167251587,0.3533330261707306,1.0
0,240,25000,0.13695846498012543,0.23630858957767487,9.99999993922529e-09,1.0,9.99999993922529e-09,9.99999993922529e-09,0.005015580449253321,0.010307498276233673,0.019858259707689285,0.03756355121731758,0.0691644698381424,0.1200372502207756,0.1994815319776535,0.3509998917579651,1.0
0,280,25000,0.13722245395183563,0.23674428462982178,9.99999993922529e-09,1.0,9.99999993922529e-09,9.99999993922529e-09,0.005006157327443361,0.01027345284819603,0.019711678847670555,0.037577614188194275,0.06877653300762177,0.12000826746225357,0.20000000298023224,0.35334473848342896,1.0
0,320,25000,0.13737249374389648,0.2370380163192749,9.99999993922529e-09,1.0,9.99999993922529e-09,9.99999993922529e-09,0.0050559570081532,0.01040139514952898,0.019946254789829254,0.037563569843769073,0.06912390142679214,0.11959011107683182,0.19998256862163544,0.3544522523880005,1.0
0,360,25000,0.13719278573989868,0.23709076642990112,9.99999993922529e-09,1.0,9.99999993922529e-09,9.99999993922529e-09,0.005025908350944519,0.010325070470571518,0.019812166690826416,0.03757704421877861,0.06872976571321487,0.11931706964969635,0.19910478591918945,0.35392799973487854,1.0
0,400,25000,0.1374286413192749,0.23712125420570374,9.99999993922529e-09,1.0,9.99999993922529e-09,9.99999993922529e-09,0.005023114383220673,0.01024522352963686,0.01976908929646015,0.03756853938102722,0.06894012540578842,0.12028367072343826,0.20000000298023224,0.35295403003692627,1.0
0,440,25000,0.13728046417236328,0.2371889054775238,9.99999993922529e-09,1.0,9.99999993922529e-09,9.99999993922529e-09,0.005035819951444864,0.010301054455339909,0.01976291835308075,0.037465400993824005,0.06918545812368393,0.12007386237382889,0.1993737518787384,0.35254114866256714,1.0
0,480,25000,0.13744400441646576,0.23751114308834076,9.99999993922529e-09,1.0,9.99999993922529e-09,9.99999993922529e-09,0.005007895175367594,0.010357435792684555,0.01983996294438839,0.03745483607053757,0.06895527243614197,0.11976774781942368,0.20000000298023224,0.3519979417324066,1.0
0,520,25000,0.13734866678714752,0.2373853325843811,9.99999993922529e-09,1.0,9.99999993922529e-09,9.99999993922529e-09,0.004982324317097664,0.010313360020518303,0.0198513213545084,0.03750026226043701,0.06941096484661102,0.12054000049829483,0.19884634017944336,0.35113587975502014,1.0
0,560,25000,0.13722999393939972,0.23738747835159302,9.99999993922529e-09,1.0,9.99999993922529e-09,9.99999993922529e-09,0.00507322745397687,0.01035864558070898,0.019778991118073463,0.03753132373094559,0.06893689185380936,0.11977692693471909,0.19884830713272095,0.3520377576351166,1.0
0,600,25000,0.13737495243549347,0.23756136000156403,9.99999993922529e-09,1.0,9.99999993922529e-09,9.99999993922529e-09,0.005076231434941292,0.0103209363296628,0.019749848172068596,0.037517331540584564,0.06917770951986313,0.11987360566854477,0.19936507940292358,0.3525828421115875,1.0
0,640,25000,0.1375313252210617,0.23788082599639893,9.99999993922529e-09,1.0,9.99999993922529e-09,9.99999993922529e-09,0.005000404082238674,0.010251892730593681,0.01988406479358673,0.03744322434067726,0.06872095912694931,0.11983688175678253,0.20000000298023224,0.35280632972717285,1.0
0,680,25000,0.13740986585617065,0.23768433928489685,9.99999993922529e-09,1.0,9.99999993922529e-09,9.99999993922529e-09,0.004995614290237427,0.010285653173923492,0.01987871527671814,0.03756808489561081,0.06887906789779663,0.11982905864715576,0.19922374188899994,0.3521433472633362,1.0
0,720,25000,0.1373795121908188,0.23751351237297058,9.99999993922529e-09,1.0,9.99999993922529e-09,9.99999993922529e-09,0.005023555364459753,0.010328399017453194,0.01987398974597454,0.037812888622283936,0.06910725682973862,0.11957623809576035,0.19927437603473663,0.35173580050468445,1.0
0,760,25000,0.13729703426361084,0.2375309020280838,9.99999993922529e-09,1.0,9.99999993922529e-09,9.99999993922529e-09,0.004967146553099155,0.010298523120582104,0.019774919375777245,0.0375962033867836,0.06906218826770782,0.11981003731489182,0.19870828092098236,0.35177433490753174,1.0
0,800,25000,0.13728798925876617,0.23748552799224854,9.99999993922529e-09,1.0,9.99999993922529e-09,9.99999993922529e-09,0.0049935816787183285,0.01029703114181757,0.019877320155501366,0.03760736435651779,0.06875493377447128,0.11928481608629227,0.19942523539066315,0.35211169719696045,1.0
0,840,25000,0.13744452595710754,0.23770053684711456,9.99999993922529e-09,1.0,9.99999993922529e-09,9.99999993922529e-09,0.0050513180904090405,0.01028631255030632,0.019794709980487823,0.03751595318317413,0.06879780441522598,0.1201278492808342,0.20000000298023224,0.35182228684425354,1.0
0,880,25000,0.13727135956287384,0.23745585978031158,9.99999993922529e-09,1.0,9.99999993922529e-09,9.99999993922529e-09,0.005051507148891687,0.010305020026862621,0.019792858511209488,0.037644676864147186,0.06928589940071106,0.11968960613012314,0.19822178781032562,0.3524104058742523,1.0
0,920,25000,0.1372775435447693,0.2371787577867508,9.99999993922529e-09,1.0,9.99999993922529e-09,9.99999993922529e-09,0.005029479507356882,0.010336664505302906,0.01980517990887165,0.03754199668765068,0.06914687156677246,0.1204199343919754,0.1996975988149643,0.3512722849845886,1.0
0,960,25000,0.13705725967884064,0.23721975088119507,9.99999993922529e-09,1.0,9.99999993922529e-09,9.99999993922529e-09,0.0050374832935631275,0.010222800076007843,0.019691811874508858,0.03750345855951309,0.0689983144402504,0.11952276527881622,0.19866327941417694,0.3514477610588074,1.0
0,1000,25000,0.13727106153964996,0.2372550666332245,9.99999993922529e-09,1.0,9.99999993922529e-09,9.99999993922529e-09,0.004977129865437746,0.010241973213851452,0.019825467839837074,0.03767770156264305,0.0690511018037796,0.11994456499814987,0.1991300880908966,0.3526851236820221,1.0
0,1040,25000,0.1371932476758957,0.23733723163604736,9.99999993922529e-09,1.0,9.99999993922529e-09,9.99999993922529e-09,0.004982948303222656,0.010300303809344769,0.019793353974819183,0.03750251978635788,0.06914381682872772,0.11982061713933945,0.1992345154285431,0.35055801272392273,1.0
0,1080,25000,0.13736195862293243,0.23751531541347504,9.99999993922529e-09,1.0,9.99999993922529e-09,9.99999993922529e-09,0.005022500175982714,0.010347477160394192,0.019673429429531097,0.03730463236570358,0.06904425472021103,0.11999206990003586,0.19947275519371033,0.3519015312194824,1.0
0,1120,25000,0.13752752542495728,0.237637460231781,9.99999993922529e-09,1.0,9.99999993922529e-09,9.99999993922529e-09,0.005013730842620134,0.01027250662446022,0.019843002781271935,0.0376291424036026,0.06928419321775436,0.12009572982788086,0.19927793741226196,0.35374870896339417,1.0
0,1160,25000,0.13755224645137787,0.23765501379966736,9.99999993922529e-09,1.0,9.99999993922529e-09,9.99999993922529e-09,0.005013191141188145,0.010225021280348301,0.019715506583452225,0.03745561093091965,0.069131039083004,0.12044192850589752,0.20000000298023224,0.35280951857566833,1.0
0,1200,25000,0.13724927604198456,0.23749589920043945,9.99999993922529e-09,1.0,9.99999993922529e-09,9.99999993922529e-09,0.00501331128180027,0.010364911518990993,0.019830796867609024,0.037470027804374695,0.06863455474376678,0.11968745291233063,0.19936375319957733,0.3527097702026367,1.0
0,1240,25000,0.1374596506357193,0.23757582902908325,9.99999993922529e-09,1.0,9.99999993922529e-09,9.99999993922529e-09,0.005019530653953552,0.010312316007912159,0.0198480486869812,0.03753108158707619,0.0686754584312439,0.1200064867734909,0.199731707572937,0.353288859128952,1.0
0,1280,25000,0.1375894546508789,0.23766489326953888,9.99999993922529e-09,1.0,9.99999993922529e-09,9.99999993922529e-09,0.004997687414288521,0.010251958854496479,0.019737163558602333,0.037438467144966125,0.06925984472036362,0.12033496052026749,0.1997881978750229,0.35330361127853394,1.0
0,1320,25000,0.13755038380622864,0.2380005568265915,9.99999993922529e-09,1.0,9.99999993922529e-09,9.99999993922529e-09,0.005003607366234064,0.010286899283528328,0.01971149817109108,0.037538621574640274,0.06901512295007706,0.1193978562951088,0.19949404895305634,0.3532498776912689,1.0
0,1360,25000,0.1370309442281723,0.23727701604366302,9.99999993922529e-09,1.0,9.99999993922529e-09,9.99999993922529e-09,0.005053776316344738,0.010315975174307823,0.019706109538674355,0.03749227151274681,0.06877141445875168,0.11941179633140564,0.19896206259727478,0.34957730770111084,1.0
0,1400,25000,0.137099951505661,0.23739935457706451,9.99999993922529e-09,1.0,9.99999993922529e-09,9.99999993922529e-09,0.00502992607653141,0.010268655605614185,0.01978180557489395,0.037498898804187775,0.06821439415216446,0.11946891248226166,0.19890597462654114,0.351863831281662,1.0
0,1440,25000,0.1375254988670349,0.23783931136131287,9.99999993922529e-09,1.0,9.99999993922529e-09,9.99999993922529e-09,0.005005362443625927,0.010322940535843372,0.01982879638671875,0.03746844083070755,0.06913448125123978,0.1197504922747612,0.19912391901016235,0.3530024588108063,1.0
0,1480,25000,0.13744771480560303,0.23762421309947968,9.99999993922529e-09,1.0,9.99999993922529e-09,9.99999993922529e-09,0.005004025995731354,0.010293003171682358,0.019889144226908684,0.03758758306503296,0.06874022632837296,0.11991770565509796,0.19980427622795105,0.35330548882484436,1.0
0,1520,25000,0.13744361698627472,0.23756876587867737,9.99999993922529e-09,1.0,9.99999993922529e-09,9.99999993922529e-09,0.0049931746907532215,0.01026152353733778,0.0199179258197546,0.03762485459446907,0.06929118931293488,0.12019305676221848,0.19912591576576233,0.35307827591896057,1.0
0,1560,25000,0.13703913986682892,0.23741485178470612,9.99999993922529e-09,1.0,9.99999993922529e-09,9.99999993922529e-09,0.005008296109735966,0.010261050425469875,0.019819922745227814,0.03759485110640526,0.06889478117227554,0.11884436011314392,0.19851136207580566,0.35107845067977905,1.0
0,1600,25000,0.1374654769897461,0.23739980161190033,9.99999993922529e-09,1.0,9.99999993922529e-09,9.99999993922529e-09,0.005033531691879034,0.010308005847036839,0.019876806065440178,0.03762466460466385,0.0692538172006607,0.12022563070058823,0.20000000298023224,0.35251298546791077,1.0
0,1640,25000,0.13729412853717804,0.23753325641155243,9.99999993922529e-09,1.0,9.99999993922529e-09,9.99999993922529e-09,0.005046958569437265,0.010320277884602547,0.0197695754468441,0.03751657158136368,0.06884504109621048,0.11976486444473267,0.19951610267162323,0.35094568133354187,1.0
0,1680,25000,0.13737930357456207,0.23750440776348114,9.99999993922529e-09,1.0,9.99999993922529e-09,9.99999993922529e-09,0.005012535024434328,0.010254207998514175,0.01988426223397255,0.037709224969148636,0.06882531940937042,0.12006793171167374,0.19946318864822388,0.3531048595905304,1.0
0,1720,25000,0.13750945031642914,0.2376893013715744,9.99999993922529e-09,1.0,9.99999993922529e-09,9.99999993922529e-09,0.004991275258362293,0.010274991393089294,0.01986374706029892,0.037690170109272,0.06901681423187256,0.12046747654676437,0.1998700499534607,0.351211279630661,1.0
0,1760,25000,0.1375121921300888,0.23749765753746033,9.99999993922529e-09,1.0,9.99999993922529e-09,9.99999993922529e-09,0.00504341209307313,0.01026280876249075,0.01986723393201828,0.037735480815172195,0.06918731331825256,0.12014935910701752,0.19968244433403015,0.35435041785240173,1.0
0,1800,25000,0.13741222023963928,0.23757964372634888,9.99999993922529e-09,1.0,9.99999993922529e-09,9.99999993922529e-09,0.0050353058613836765,0.010328628122806549,0.019904986023902893,0.037674032151699066,0.0689787045121193,0.119827501475811,0.199423685669899,0.3513917028903961,1.0
0,1840,25000,0.13735894858837128,0.2375093251466751,9.99999993922529e-09,1.0,9.99999993922529e-09,9.99999993922529e-09,0.004980273079127073,0.010282883420586586,0.019775161519646645,0.0377761647105217,0.06918967515230179,0.11983722448348999,0.19911326467990875,0.350901335477829,1.0
0,1880,25000,0.13745945692062378,0.237385094165802,9.99999993922529e-09,1.0,9.99999993922529e-09,9.99999993922529e-09,0.005022093188017607,0.010336068458855152,0.019853975623846054,0.037637971341609955,0.06921923160552979,0.12036937475204468,0.19986528158187866,0.35328149795532227,1.0
0,1920,25000,0.13754354417324066,0.23787517845630646,9.99999993922529e-09,1.0,9.99999993922529e-09,9.99999993922529e-09,0.005026639439165592,0.01032246183604002,0.01976153627038002,0.0374695286154747,0.06891600042581558,0.11994733661413193,0.19937901198863983,0.35291701555252075,1.0
0,1960,25000,0.1372392773628235,0.23713435232639313,9.99999993922529e-09,1.0,9.99999993922529e-09,9.99999993922529e-09,0.004999486729502678,0.010294096544384956,0.019837217405438423,0.037661727517843246,0.06924419850111008,0.12008531391620636,0.19953440129756927,0.35174760222435,1.0
0,2000,25000,0.13691788911819458,0.23699703812599182,9.99999993922529e-09,1.0,9.99999993922529e-09,9.99999993922529e-09,0.005018352996557951,0.01028080191463232,0.019760286435484886,0.037554509937763214,0.06840073317289352,0.1197284683585167,0.19972370564937592,0.34861519932746887,1.0
0,2040,25000,0.13758738338947296,0.23788957297801971,9.99999993922529e-09,1.0,9.99999993922529e-09,9.99999993922529e-09,0.0050139520317316055,0.010310572572052479,0.01987927034497261,0.03747876361012459,0.06898507475852966,0.11972439289093018,0.19978073239326477,0.3531796336174011,1.0
0,2080,25000,0.137412428855896,0.23757268488407135,9.99999993922529e-09,1.0,9.99999993922529e-09,9.99999993922529e-09,0.005011233035475016,0.010303334333002567,0.01982097327709198,0.03783119469881058,0.06919185072183609,0.12007982283830643,0.19947709143161774,0.3508169949054718,1.0
0,2120,25000,0.1372656673192978,0.2373204380273819,9.99999993922529e-09,1.0,9.99999993922529e-09,9.99999993922529e-09,0.0050139641389250755,0.010273147374391556,0.019757114350795746,0.03758801519870758,0.06911478191614151,0.1199309378862381,0.19927829504013062,0.35178783535957336,1.0
0,2160,25000,0.13730177283287048,0.2373165488243103,9.99999993922529e-09,1.0,9.99999993922529e-09,9.99999993922529e-09,0.0050081657245755196,0.010283691808581352,0.019849810749292374,0.03771350532770157,0.06886103749275208,0.12012951821088791,0.19982720911502838,0.3518853187561035,1.0
0,2200,25000,0.13738979399204254,0.23767147958278656,9.99999993922529e-09,1.0,9.99999993922529e-09,9.99999993922529e-09,0.005006254184991121,0.01028726901859045,0.019737930968403816,0.03757859021425247,0.0686928778886795,0.1197279840707779,0.19942574203014374,0.35239267349243164,1.0
0,2240,25000,0.13750915229320526,0.2377070039510727,9.99999993922529e-09,1.0,9.99999993922529e-09,9.99999993922529e-09,0.005014902912080288,0.010313469916582108,0.01975874789059162,0.037390533834695816,0.06928279995918274,0.1200510635972023,0.1992320716381073,0.35358622670173645,1.0
0,2280,25000,0.1373276710510254,0.2378411740064621,9.99999993922529e-09,1.0,9.99999993922529e-09,9.99999993922529e-09,0.004990905523300171,0.010310974903404713,0.01978679560124874,0.03738165646791458,0.0688607394695282,0.11976754665374756,0.1987745761871338,0.35176366567611694,1.0
0,2320,25000,0.13750404119491577,0.23805150389671326,9.99999993922529e-09,1.0,9.99999993922529e-09,9.99999993922529e-09,0.005055911839008331,0.01034278143197298,0.019825002178549767,0.0375940203666687,0.06918162107467651,0.11971956491470337,0.19901305437088013,0.35087263584136963,1.0
0,2360,25000,0.13717703521251678,0.23759056627750397,9.99999993922529e-09,1.0,9.99999993922529e-09,9.99999993922529e-09,0.005010753404349089,0.010265028104186058,0.01979087106883526,0.03743940591812134,0.06834547221660614,0.11995457857847214,0.19885089993476868,0.35026493668556213,1.0
0,2400,25000,0.13749021291732788,0.23752784729003906,9.99999993922529e-09,1.0,9.99999993922529e-09,9.99999993922529e-09,0.005006265360862017,0.010267865844070911,0.019738424569368362,0.03738266974687576,0.06900826841592789,0.12009049952030182,0.20000000298023224,0.3536461591720581,1.0
0,2440,25000,0.13719595968723297,0.2373484969139099,9.99999993922529e-09,1.0,9.99999993922529e-09,9.99999993922529e-09,0.005017534364014864,0.010318533517420292,0.01980053260922432,0.03776530921459198,0.06967401504516602,0.11972559243440628,0.1987745761871338,0.34992220997810364,1.0
0,2480,25000,0.13733911514282227,0.23763489723205566,9.99999993922529e-09,1.0,9.99999993922529e-09,9.99999993922529e-09,0.00503500597551465,0.010312482714653015,0.01972651667892933,0.03756779432296753,0.06921736896038055,0.12021581828594208,0.1982574462890625,0.35184621810913086,1.0
0,2520,25000,0.13732275366783142,0.2374020516872406,9.99999993922529e-09,1.0,9.99999993922529e-09,9.99999993922529e-09,0.005042462144047022,0.010364155285060406,0.019879095256328583,0.03752492368221283,0.06886326521635056,0.12019844353199005,0.20000000298023224,0.3503771126270294,1.0
0,2560,25000,0.13751499354839325,0.23753435909748077,9.99999993922529e-09,1.0,9.99999993922529e-09,9.99999993922529e-09,0.0050320397131145,0.010290466248989105,0.019816424697637558,0.03776015341281891,0.06935161352157593,0.12023749947547913,0.20000000298023224,0.3510865569114685,1.0
0,2600,25000,0.13733452558517456,0.23771783709526062,9.99999993922529e-09,1.0,9.99999993922529e-09,9.99999993922529e-09,0.004994336981326342,0.010256308130919933,0.019822508096694946,0.03744831681251526,0.06922800093889236,0.11966927349567413,0.19874215126037598,0.3519720733165741,1.0
0,2640,25000,0.1374666839838028,0.23777219653129578,9.99999993922529e-09,1.0,9.99999993922529e-09,9.99999993922529e-09,0.0050483811646699905,0.01034810021519661,0.019789718091487885,0.037664514034986496,0.06913040578365326,0.11993627995252609,0.1995440125465393,0.3511384129524231,1.0
0,2680,25000,0.13743263483047485,0.23754118382930756,9.99999993922529e-09,1.0,9.99999993922529e-09,9.99999993922529e-09,0.005034728907048702,0.010299038141965866,0.019886495545506477,0.037588488310575485,0.06929578632116318,0.12020155787467957,0.20000000298023224,0.350894033908844,1.0
0,2720,25000,0.13763585686683655,0.23762038350105286,9.99999993922529e-09,1.0,9.99999993922529e-09,9.99999993922529e-09,0.0049795410595834255,0.01029798574745655,0.01970292441546917,0.03744617849588394,0.06938757002353668,0.12041351944208145,0.20000000298023224,0.35422372817993164,1.0
0,2760,25000,0.13741885125637054,0.23759445548057556,9.99999993922529e-09,1.0,9.99999993922529e-09,9.99999993922529e-09,0.005035188049077988,0.010322140529751778,0.019810084253549576,0.037621982395648956,0.06891052424907684,0.11996949464082718,0.1997557431459427,0.35078129172325134,1.0
0,2800,25000,0.1375562697649002,0.23770374059677124,9.99999993922529e-09,1.0,9.99999993922529e-09,9.99999993922529e-09,0.005053484812378883,0.01033592689782381,0.019768457859754562,0.037474051117897034,0.06925953924655914,0.12090277671813965,0.19970224797725677,0.35113605856895447,1.0
0,2840,25000,0.1374017745256424,0.23777931928634644,9.99999993922529e-09,1.0,9.99999993922529e-09,9.99999993922529e-09,0.005005498882383108,0.010320713743567467,0.019882982596755028,0.03772919625043869,0.06896242499351501,0.11978556215763092,0.19854868948459625,0.3525770306587219,1.0
0,2880,25000,0.13709765672683716,0.23711691796779633,9.99999993922529e-09,1.0,9.99999993922529e-09,9.99999993922529e-09,0.005012671463191509,0.010280309244990349,0.01987404376268387,0.0376773476600647,0.06897138059139252,0.1203007623553276,0.19885331392288208,0.3489299714565277,1.0
0,2920,25000,0.1372537463903427,0.23757222294807434,9.99999993922529e-09,1.0,9.99999993922529e-09,9.99999993922529e-09,0.005025040358304977,0.01027808990329504,0.019824331626296043,0.03752408176660538,0.06855915486812592,0.11943140625953674,0.1993262618780136,0.3517729341983795,1.0
0,2960,25000,0.13734565675258636,0.23786146938800812,9.99999993922529e-09,1.0,9.99999993922529e-09,9.99999993922529e-09,0.005029300227761269,0.010284812189638615,0.01978992484509945,0.037679627537727356,0.0693381130695343,0.11903072148561478,0.1980528086423874,0.3531041145324707,1.0
0,3000,25000,0.13754914700984955,0.23788630962371826,9.99999993922529e-09,1.0,9.99999993922529e-09,9.99999993922529e-09,0.0050250994972884655,0.010312464088201523,0.019806047901511192,0.037366341799497604,0.06902610510587692,0.12007136642932892,0.19914869964122772,0.3532769978046417,1.0
0,3040,25000,0.13756465911865234,0.23757250607013702,9.99999993922529e-09,1.0,9.99999993922529e-09,9.99999993922529e-09,0.005005748942494392,0.010321513749659061,0.019886286929249763,0.03753472492098808,0.06909359991550446,0.12020726501941681,0.20000000298023224,0.3524228036403656,1.0
0,3080,25000,0.13723275065422058,0.2372010201215744,9.99999993922529e-09,1.0,9.99999993922529e-09,9.99999993922529e-09,0.0050482419319450855,0.010325809940695763,0.01972881145775318,0.037576813250780106,0.06900648772716522,0.1198655217885971,0.1993042379617691,0.3527361750602722,1.0
0,3120,25000,0.1374872773885727,0.23770354688167572,9.99999993922529e-09,1.0,9.99999993922529e-09,9.99999993922529e-09,0.005002258811146021,0.010345835238695145,0.01982719823718071,0.037517957389354706,0.0690310150384903,0.11991573870182037,0.19945093989372253,0.3519957959651947,1.0
0,3160,25000,0.13727043569087982,0.23775885999202728,9.99999993922529e-09,1.0,9.99999993922529e-09,9.99999993922529e-09,0.004987175110727549,0.010280678048729897,0.019707374274730682,0.03765389695763588,0.0689929649233818,0.11945715546607971,0.19856518507003784,0.3507513701915741,1.0
0,3200,25000,0.13717655837535858,0.23749729990959167,9.99999993922529e-09,1.0,9.99999993922529e-09,9.99999993922529e-09,0.004967041779309511,0.010350173339247704,0.019810430705547333,0.037459149956703186,0.06869781762361526,0.11995851248502731,0.19926811754703522,0.3502320945262909,1.0
0,3240,25000,0.13732703030109406,0.23747465014457703,9.99999993922529e-09,1.0,9.99999993922529e-09,9.99999993922529e-09,0.005026850383728743,0.010261191055178642,0.019831888377666473,0.03765948861837387,0.06908982992172241,0.11975220590829849,0.1989639699459076,0.35267800092697144,1.0
0,3280,25000,0.13726690411567688,0.2374235838651657,9.99999993922529e-09,1.0,9.99999993922529e-09,9.99999993922529e-09,0.005021967459470034,0.01025664433836937,0.0198518019169569,0.037721388041973114,0.06930083781480789,0.11946962773799896,0.19907629489898682,0.3514834940433502,1.0
0,3320,25000,0.13739675283432007,0.2377050220966339,9.99999993922529e-09,1.0,9.99999993922529e-09,9.99999993922529e-09,0.005013610702008009,0.01031421683728695,0.019864948466420174,0.03762146830558777,0.06886512786149979,0.11947423964738846,0.19903650879859924,0.35235315561294556,1.0
0,3360,25000,0.13743281364440918,0.2376851886510849,9.99999993922529e-09,1.0,9.99999993922529e-09,9.99999993922529e-09,0.004995726514607668,0.010305322706699371,0.019791342318058014,0.03754520043730736,0.0689023956656456,0.12022225558757782,0.1990581452846527,0.35242658853530884,1.0
0,3400,25000,0.13738250732421875,0.2375911921262741,9.99999993922529e-09,1.0,9.99999993922529e-09,9.99999993922529e-09,0.005054549314081669,0.010382500477135181,0.019940558820962906,0.037602730095386505,0.0689627155661583,0.11993885040283203,0.19883103668689728,0.35176509618759155,1.0
0,3440,25000,0.13751137256622314,0.23755905032157898,9.99999993922529e-09,1.0,9.99999993922529e-09,9.99999993922529e-09,0.005027130711823702,0.01031531672924757,0.01990986242890358,0.03774281591176987,0.06915228068828583,0.12028893828392029,0.19931834936141968,0.353649377822876,1.0
0,3480,25000,0.13753359019756317,0.23760946094989777,9.99999993922529e-09,1.0,9.99999993922529e-09,9.99999993922529e-09,0.005028284154832363,0.010347181931138039,0.01984938234090805,0.03764782100915909,0.06924454867839813,0.11984275281429291,0.20000000298023224,0.3528806269168854,1.0
0,3520,25000,0.13754718005657196,0.23772750794887543,9.99999993922529e-09,1.0,9.99999993922529e-09,9.99999993922529e-09,0.004992765840142965,0.010319244116544724,0.0198393352329731,0.03761601075530052,0.06930990517139435,0.12038471549749374,0.19989001750946045,0.35180166363716125,1.0
0,3560,25000,0.13762478530406952,0.23789462447166443,9.99999993922529e-09,1.0,9.99999993922529e-09,9.99999993922529e-09,0.0049977111630141735,0.010270509868860245,0.019803253933787346,0.037577420473098755,0.06924781948328018,0.12015751749277115,0.1998755931854248,0.352599173784256,1.0
0,3600,25000,0.13730661571025848,0.2373698353767395,9.99999993922529e-09,1.0,9.99999993922529e-09,9.99999993922529e-09,0.005026676692068577,0.010375279933214188,0.019796881824731827,0.0375111848115921,0.06917206943035126,0.12028844654560089,0.19881562888622284,0.3531263768672943,1.0
0,3640,25000,0.13763360679149628,0.23793986439704895,9.99999993922529e-09,1.0,9.99999993922529e-09,9.99999993922529e-09,0.005044044926762581,0.010271544568240643,0.01981775276362896,0.037356484681367874,0.06882059574127197,0.11995197832584381,0.199845552444458,0.3543163537979126,1.0
0,3680,25000,0.13767705857753754,0.23795169591903687,9.99999993922529e-09,1.0,9.99999993922529e-09,9.99999993922529e-09,0.005001108627766371,0.01023989450186491,0.019818024709820747,0.037691593170166016,0.0696377381682396,0.12005891650915146,0.20000000298023224,0.35018518567085266,1.0
0,3720,25000,0.13771472871303558,0.23786771297454834,9.99999993922529e-09,1.0,9.99999993922529e-09,9.99999993922529e-09,0.0050082034431397915,0.010286631993949413,0.019758976995944977,0.03755233809351921,0.06952159106731415,0.12096621096134186,0.20000000298023224,0.35280129313468933,1.0
0,3760,25000,0.13762174546718597,0.23778831958770752,9.99999993922529e-09,1.0,9.99999993922529e-09,9.99999993922529e-09,0.005022422876209021,0.010280218906700611,0.0197738166898489,0.03767837584018707,0.06969432532787323,0.12023670971393585,0.19908839464187622,0.3531684875488281,1.0
0,3800,25000,0.13756689429283142,0.23766809701919556,9.99999993922529e-09,1.0,9.99999993922529e-09,9.99999993922529e-09,0.00498857069760561,0.010340273380279541,0.019850103184580803,0.03749462217092514,0.06918378174304962,0.12013276666402817,0.20000000298023224,0.3526393175125122,1.0
0,3840,25000,0.137227401137352,0.23730678856372833,9.99999993922529e-09,1.0,9.99999993922529e-09,9.99999993922529e-09,0.005023016128689051,0.01031419262290001,0.01986159011721611,0.03755540773272514,0.06916669756174088,0.11975585669279099,0.19989174604415894,0.3496607840061188,1.0
0,3880,25000,0.1373538225889206,0.23754756152629852,9.99999993922529e-09,1.0,9.99999993922529e-09,9.99999993922529e-09,0.005027820356190205,0.010287415236234665,0.019824037328362465,0.0373755618929863,0.06913066655397415,0.12020174413919449,0.19915147125720978,0.35124993324279785,1.0
0,3920,25000,0.13717807829380035,0.23717138171195984,9.99999993922529e-09,1.0,9.99999993922529e-09,9.99999993922529e-09,0.004997208248823881,0.01026796456426382,0.0197216235101223,0.03771643340587616,0.06894068419933319,0.12005322426557541,0.1999388039112091,0.35001686215400696,1.0
0,3960,25000,0.13718059659004211,0.23742005228996277,9.99999993922529e-09,1.0,9.99999993922529e-09,9.99999993922529e-09,0.005023502744734287,0.010372934862971306,0.019994234666228294,0.03756246343255043,0.06878238916397095,0.11987469345331192,0.19828858971595764,0.35098549723625183,1.0
0,4000,25000,0.13750682771205902,0.23779217898845673,9.99999993922529e-09,1.0,9.99999993922529e-09,9.99999993922529e-09,0.005022009834647179,0.010271391831338406,0.019745493307709694,0.037612590938806534,0.06914235651493073,0.11953990906476974,0.19995807111263275,0.3526686429977417,1.0
